0:1,2,3,4,5,7,11,13,17,19,23,29,31,37,41,43,47,53,59,61,67,71,73,79,83,89,97,101,103,107,109,113,127,131,137,139,149,151,157,163,167,173,179,181,191,193,197,199,211,223,227,229,233,239,241,251,257,263,269,271,277,281,283,293,307,311,313,317,331,337,347,349,353,359,367,373,379,383,389,397,401,409,419,421,431,433,439,443,449,457,461,463,467,479,487,491,499,503,509,521,523,541,547,557,563,569,571,577,587,593,599,601,607,613,617,619,631,641,643,647,653,659,661,673,677,683,691,701,709,719,727,733,739,743,751,757,761,769,773,787,797,809,811,821,823,827,829,839,853,857,859,863,877,881,883,887,907,911,919,929,937,941,947,953,967,971,977,983,991,997,
1:1,
2:1,2,
3:1,3,
4:1,2,4,
5:1,5,
6:1,2,3,
7:1,7,
8:1,2,4,
9:1,3,
10:1,2,5,
11:1,11,
12:1,2,3,4,
13:1,13,
14:1,2,7,
15:1,3,5,
16:1,2,4,
17:1,17,
18:1,2,3,
19:1,19,
20:1,2,4,5,
21:1,3,7,
22:1,2,11,
23:1,23,
24:1,2,3,4,
25:1,5,
26:1,2,13,
27:1,3,
28:1,2,4,7,
29:1,29,
30:1,2,3,5,
31:1,31,
32:1,2,4,
33:1,3,11,
34:1,2,17,
35:1,5,7,
36:1,2,3,4,
37:1,37,
38:1,2,19,
39:1,3,13,
40:1,2,4,5,
41:1,41,
42:1,2,3,7,
43:1,43,
44:1,2,4,11,
45:1,3,5,
46:1,2,23,
47:1,47,
48:1,2,3,4,
49:1,7,
50:1,2,5,
51:1,3,17,
52:1,2,4,13,
53:1,53,
54:1,2,3,
55:1,5,11,
56:1,2,4,7,
57:1,3,19,
58:1,2,29,
59:1,59,
60:1,2,3,4,5,
61:1,61,
62:1,2,31,
63:1,3,7,
64:1,2,4,
65:1,5,13,
66:1,2,3,11,
67:1,67,
68:1,2,4,17,
69:1,3,23,
70:1,2,5,7,
71:1,71,
72:1,2,3,4,
73:1,73,
74:1,2,37,
75:1,3,5,
76:1,2,4,19,
77:1,7,11,
78:1,2,3,13,
79:1,79,
80:1,2,4,5,
81:1,3,
82:1,2,41,
83:1,83,
84:1,2,3,4,7,
85:1,5,17,
86:1,2,43,
87:1,3,29,
88:1,2,4,11,
89:1,89,
90:1,2,3,5,
91:1,7,13,
92:1,2,4,23,
93:1,3,31,
94:1,2,47,
95:1,5,19,
96:1,2,3,4,
97:1,97,
98:1,2,7,
99:1,3,11,
100:1,2,4,5,
101:1,101,
102:1,2,3,17,
103:1,103,
104:1,2,4,13,
105:1,3,5,7,
106:1,2,53,
107:1,107,
108:1,2,3,4,
109:1,109,
110:1,2,5,11,
111:1,3,37,
112:1,2,4,7,
113:1,113,
114:1,2,3,19,
115:1,5,23,
116:1,2,4,29,
117:1,3,13,
118:1,2,59,
119:1,7,17,
120:1,2,3,4,5,
121:1,11,
122:1,2,61,
123:1,3,41,
124:1,2,4,31,
125:1,5,
126:1,2,3,7,
127:1,127,
128:1,2,4,
129:1,3,43,
130:1,2,5,13,
131:1,131,
132:1,2,3,4,11,
133:1,7,19,
134:1,2,67,
135:1,3,5,
136:1,2,4,17,
137:1,137,
138:1,2,3,23,
139:1,139,
140:1,2,4,5,7,
141:1,3,47,
142:1,2,71,
143:1,11,13,
144:1,2,3,4,
145:1,5,29,
146:1,2,73,
147:1,3,7,
148:1,2,4,37,
149:1,149,
150:1,2,3,5,
151:1,151,
152:1,2,4,19,
153:1,3,17,
154:1,2,7,11,
155:1,5,31,
156:1,2,3,4,13,
157:1,157,
158:1,2,79,
159:1,3,53,
160:1,2,4,5,
161:1,7,23,
162:1,2,3,
163:1,163,
164:1,2,4,41,
165:1,3,5,11,
166:1,2,83,
167:1,167,
168:1,2,3,4,7,
169:1,13,
170:1,2,5,17,
171:1,3,19,
172:1,2,4,43,
173:1,173,
174:1,2,3,29,
175:1,5,7,
176:1,2,4,11,
177:1,3,59,
178:1,2,89,
179:1,179,
180:1,2,3,4,5,
181:1,181,
182:1,2,7,13,
183:1,3,61,
184:1,2,4,23,
185:1,5,37,
186:1,2,3,31,
187:1,11,17,
188:1,2,4,47,
189:1,3,7,
190:1,2,5,19,
191:1,191,
192:1,2,3,4,
193:1,193,
194:1,2,97,
195:1,3,5,13,
196:1,2,4,7,
197:1,197,
198:1,2,3,11,
199:1,199,
200:1,2,4,5,
201:1,3,67,
202:1,2,101,
203:1,7,29,
204:1,2,3,4,17,
205:1,5,41,
206:1,2,103,
207:1,3,23,
208:1,2,4,13,
209:1,11,19,
210:1,2,3,5,7,
211:1,211,
212:1,2,4,53,
213:1,3,71,
214:1,2,107,
215:1,5,43,
216:1,2,3,4,
217:1,7,31,
218:1,2,109,
219:1,3,73,
220:1,2,4,5,11,
221:1,13,17,
222:1,2,3,37,
223:1,223,
224:1,2,4,7,
225:1,3,5,
226:1,2,113,
227:1,227,
228:1,2,3,4,19,
229:1,229,
230:1,2,5,23,
231:1,3,7,11,
232:1,2,4,29,
233:1,233,
234:1,2,3,13,
235:1,5,47,
236:1,2,4,59,
237:1,3,79,
238:1,2,7,17,
239:1,239,
240:1,2,3,4,5,
241:1,241,
242:1,2,11,
243:1,3,
244:1,2,4,61,
245:1,5,7,
246:1,2,3,41,
247:1,13,19,
248:1,2,4,31,
249:1,3,83,
250:1,2,5,
251:1,251,
252:1,2,3,4,7,
253:1,11,23,
254:1,2,127,
255:1,3,5,17,
256:1,2,4,
257:1,257,
258:1,2,3,43,
259:1,7,37,
260:1,2,4,5,13,
261:1,3,29,
262:1,2,131,
263:1,263,
264:1,2,3,4,11,
265:1,5,53,
266:1,2,7,19,
267:1,3,89,
268:1,2,4,67,
269:1,269,
270:1,2,3,5,
271:1,271,
272:1,2,4,17,
273:1,3,7,13,
274:1,2,137,
275:1,5,11,
276:1,2,3,4,23,
277:1,277,
278:1,2,139,
279:1,3,31,
280:1,2,4,5,7,
281:1,281,
282:1,2,3,47,
283:1,283,
284:1,2,4,71,
285:1,3,5,19,
286:1,2,11,13,
287:1,7,41,
288:1,2,3,4,
289:1,17,
290:1,2,5,29,
291:1,3,97,
292:1,2,4,73,
293:1,293,
294:1,2,3,7,
295:1,5,59,
296:1,2,4,37,
297:1,3,11,
298:1,2,149,
299:1,13,23,
300:1,2,3,4,5,
301:1,7,43,
302:1,2,151,
303:1,3,101,
304:1,2,4,19,
305:1,5,61,
306:1,2,3,17,
307:1,307,
308:1,2,4,7,11,
309:1,3,103,
310:1,2,5,31,
311:1,311,
312:1,2,3,4,13,
313:1,313,
314:1,2,157,
315:1,3,5,7,
316:1,2,4,79,
317:1,317,
318:1,2,3,53,
319:1,11,29,
320:1,2,4,5,
321:1,3,107,
322:1,2,7,23,
323:1,17,19,
324:1,2,3,4,
325:1,5,13,
326:1,2,163,
327:1,3,109,
328:1,2,4,41,
329:1,7,47,
330:1,2,3,5,11,
331:1,331,
332:1,2,4,83,
333:1,3,37,
334:1,2,167,
335:1,5,67,
336:1,2,3,4,7,
337:1,337,
338:1,2,13,
339:1,3,113,
340:1,2,4,5,17,
341:1,11,31,
342:1,2,3,19,
343:1,7,
344:1,2,4,43,
345:1,3,5,23,
346:1,2,173,
347:1,347,
348:1,2,3,4,29,
349:1,349,
350:1,2,5,7,
351:1,3,13,
352:1,2,4,11,
353:1,353,
354:1,2,3,59,
355:1,5,71,
356:1,2,4,89,
357:1,3,7,17,
358:1,2,179,
359:1,359,
360:1,2,3,4,5,
361:1,19,
362:1,2,181,
363:1,3,11,
364:1,2,4,7,13,
365:1,5,73,
366:1,2,3,61,
367:1,367,
368:1,2,4,23,
369:1,3,41,
370:1,2,5,37,
371:1,7,53,
372:1,2,3,4,31,
373:1,373,
374:1,2,11,17,
375:1,3,5,
376:1,2,4,47,
377:1,13,29,
378:1,2,3,7,
379:1,379,
380:1,2,4,5,19,
381:1,3,127,
382:1,2,191,
383:1,383,
384:1,2,3,4,
385:1,5,7,11,
386:1,2,193,
387:1,3,43,
388:1,2,4,97,
389:1,389,
390:1,2,3,5,13,
391:1,17,23,
392:1,2,4,7,
393:1,3,131,
394:1,2,197,
395:1,5,79,
396:1,2,3,4,11,
397:1,397,
398:1,2,199,
399:1,3,7,19,
400:1,2,4,5,
401:1,401,
402:1,2,3,67,
403:1,13,31,
404:1,2,4,101,
405:1,3,5,
406:1,2,7,29,
407:1,11,37,
408:1,2,3,4,17,
409:1,409,
410:1,2,5,41,
411:1,3,137,
412:1,2,4,103,
413:1,7,59,
414:1,2,3,23,
415:1,5,83,
416:1,2,4,13,
417:1,3,139,
418:1,2,11,19,
419:1,419,
420:1,2,3,4,5,7,
421:1,421,
422:1,2,211,
423:1,3,47,
424:1,2,4,53,
425:1,5,17,
426:1,2,3,71,
427:1,7,61,
428:1,2,4,107,
429:1,3,11,13,
430:1,2,5,43,
431:1,431,
432:1,2,3,4,
433:1,433,
434:1,2,7,31,
435:1,3,5,29,
436:1,2,4,109,
437:1,19,23,
438:1,2,3,73,
439:1,439,
440:1,2,4,5,11,
441:1,3,7,
442:1,2,13,17,
443:1,443,
444:1,2,3,4,37,
445:1,5,89,
446:1,2,223,
447:1,3,149,
448:1,2,4,7,
449:1,449,
450:1,2,3,5,
451:1,11,41,
452:1,2,4,113,
453:1,3,151,
454:1,2,227,
455:1,5,7,13,
456:1,2,3,4,19,
457:1,457,
458:1,2,229,
459:1,3,17,
460:1,2,4,5,23,
461:1,461,
462:1,2,3,7,11,
463:1,463,
464:1,2,4,29,
465:1,3,5,31,
466:1,2,233,
467:1,467,
468:1,2,3,4,13,
469:1,7,67,
470:1,2,5,47,
471:1,3,157,
472:1,2,4,59,
473:1,11,43,
474:1,2,3,79,
475:1,5,19,
476:1,2,4,7,17,
477:1,3,53,
478:1,2,239,
479:1,479,
480:1,2,3,4,5,
481:1,13,37,
482:1,2,241,
483:1,3,7,23,
484:1,2,4,11,
485:1,5,97,
486:1,2,3,
487:1,487,
488:1,2,4,61,
489:1,3,163,
490:1,2,5,7,
491:1,491,
492:1,2,3,4,41,
493:1,17,29,
494:1,2,13,19,
495:1,3,5,11,
496:1,2,4,31,
497:1,7,71,
498:1,2,3,83,
499:1,499,
500:1,2,4,5,
501:1,3,167,
502:1,2,251,
503:1,503,
504:1,2,3,4,7,
505:1,5,101,
506:1,2,11,23,
507:1,3,13,
508:1,2,4,127,
509:1,509,
510:1,2,3,5,17,
511:1,7,73,
512:1,2,4,
513:1,3,19,
514:1,2,257,
515:1,5,103,
516:1,2,3,4,43,
517:1,11,47,
518:1,2,7,37,
519:1,3,173,
520:1,2,4,5,13,
521:1,521,
522:1,2,3,29,
523:1,523,
524:1,2,4,131,
525:1,3,5,7,
526:1,2,263,
527:1,17,31,
528:1,2,3,4,11,
529:1,23,
530:1,2,5,53,
531:1,3,59,
532:1,2,4,7,19,
533:1,13,41,
534:1,2,3,89,
535:1,5,107,
536:1,2,4,67,
537:1,3,179,
538:1,2,269,
539:1,7,11,
540:1,2,3,4,5,
541:1,541,
542:1,2,271,
543:1,3,181,
544:1,2,4,17,
545:1,5,109,
546:1,2,3,7,13,
547:1,547,
548:1,2,4,137,
549:1,3,61,
550:1,2,5,11,
551:1,19,29,
552:1,2,3,4,23,
553:1,7,79,
554:1,2,277,
555:1,3,5,37,
556:1,2,4,139,
557:1,557,
558:1,2,3,31,
559:1,13,43,
560:1,2,4,5,7,
561:1,3,11,17,
562:1,2,281,
563:1,563,
564:1,2,3,4,47,
565:1,5,113,
566:1,2,283,
567:1,3,7,
568:1,2,4,71,
569:1,569,
570:1,2,3,5,19,
571:1,571,
572:1,2,4,11,13,
573:1,3,191,
574:1,2,7,41,
575:1,5,23,
576:1,2,3,4,
577:1,577,
578:1,2,17,
579:1,3,193,
580:1,2,4,5,29,
581:1,7,83,
582:1,2,3,97,
583:1,11,53,
584:1,2,4,73,
585:1,3,5,13,
586:1,2,293,
587:1,587,
588:1,2,3,4,7,
589:1,19,31,
590:1,2,5,59,
591:1,3,197,
592:1,2,4,37,
593:1,593,
594:1,2,3,11,
595:1,5,7,17,
596:1,2,4,149,
597:1,3,199,
598:1,2,13,23,
599:1,599,
600:1,2,3,4,5,
601:1,601,
602:1,2,7,43,
603:1,3,67,
604:1,2,4,151,
605:1,5,11,
606:1,2,3,101,
607:1,607,
608:1,2,4,19,
609:1,3,7,29,
610:1,2,5,61,
611:1,13,47,
612:1,2,3,4,17,
613:1,613,
614:1,2,307,
615:1,3,5,41,
616:1,2,4,7,11,
617:1,617,
618:1,2,3,103,
619:1,619,
620:1,2,4,5,31,
621:1,3,23,
622:1,2,311,
623:1,7,89,
624:1,2,3,4,13,
625:1,5,
626:1,2,313,
627:1,3,11,19,
628:1,2,4,157,
629:1,17,37,
630:1,2,3,5,7,
631:1,631,
632:1,2,4,79,
633:1,3,211,
634:1,2,317,
635:1,5,127,
636:1,2,3,4,53,
637:1,7,13,
638:1,2,11,29,
639:1,3,71,
640:1,2,4,5,
641:1,641,
642:1,2,3,107,
643:1,643,
644:1,2,4,7,23,
645:1,3,5,43,
646:1,2,17,19,
647:1,647,
648:1,2,3,4,
649:1,11,59,
650:1,2,5,13,
651:1,3,7,31,
652:1,2,4,163,
653:1,653,
654:1,2,3,109,
655:1,5,131,
656:1,2,4,41,
657:1,3,73,
658:1,2,7,47,
659:1,659,
660:1,2,3,4,5,11,
661:1,661,
662:1,2,331,
663:1,3,13,17,
664:1,2,4,83,
665:1,5,7,19,
666:1,2,3,37,
667:1,23,29,
668:1,2,4,167,
669:1,3,223,
670:1,2,5,67,
671:1,11,61,
672:1,2,3,4,7,
673:1,673,
674:1,2,337,
675:1,3,5,
676:1,2,4,13,
677:1,677,
678:1,2,3,113,
679:1,7,97,
680:1,2,4,5,17,
681:1,3,227,
682:1,2,11,31,
683:1,683,
684:1,2,3,4,19,
685:1,5,137,
686:1,2,7,
687:1,3,229,
688:1,2,4,43,
689:1,13,53,
690:1,2,3,5,23,
691:1,691,
692:1,2,4,173,
693:1,3,7,11,
694:1,2,347,
695:1,5,139,
696:1,2,3,4,29,
697:1,17,41,
698:1,2,349,
699:1,3,233,
700:1,2,4,5,7,
701:1,701,
702:1,2,3,13,
703:1,19,37,
704:1,2,4,11,
705:1,3,5,47,
706:1,2,353,
707:1,7,101,
708:1,2,3,4,59,
709:1,709,
710:1,2,5,71,
711:1,3,79,
712:1,2,4,89,
713:1,23,31,
714:1,2,3,7,17,
715:1,5,11,13,
716:1,2,4,179,
717:1,3,239,
718:1,2,359,
719:1,719,
720:1,2,3,4,5,
721:1,7,103,
722:1,2,19,
723:1,3,241,
724:1,2,4,181,
725:1,5,29,
726:1,2,3,11,
727:1,727,
728:1,2,4,7,13,
729:1,3,
730:1,2,5,73,
731:1,17,43,
732:1,2,3,4,61,
733:1,733,
734:1,2,367,
735:1,3,5,7,
736:1,2,4,23,
737:1,11,67,
738:1,2,3,41,
739:1,739,
740:1,2,4,5,37,
741:1,3,13,19,
742:1,2,7,53,
743:1,743,
744:1,2,3,4,31,
745:1,5,149,
746:1,2,373,
747:1,3,83,
748:1,2,4,11,17,
749:1,7,107,
750:1,2,3,5,
751:1,751,
752:1,2,4,47,
753:1,3,251,
754:1,2,13,29,
755:1,5,151,
756:1,2,3,4,7,
757:1,757,
758:1,2,379,
759:1,3,11,23,
760:1,2,4,5,19,
761:1,761,
762:1,2,3,127,
763:1,7,109,
764:1,2,4,191,
765:1,3,5,17,
766:1,2,383,
767:1,13,59,
768:1,2,3,4,
769:1,769,
770:1,2,5,7,11,
771:1,3,257,
772:1,2,4,193,
773:1,773,
774:1,2,3,43,
775:1,5,31,
776:1,2,4,97,
777:1,3,7,37,
778:1,2,389,
779:1,19,41,
780:1,2,3,4,5,13,
781:1,11,71,
782:1,2,17,23,
783:1,3,29,
784:1,2,4,7,
785:1,5,157,
786:1,2,3,131,
787:1,787,
788:1,2,4,197,
789:1,3,263,
790:1,2,5,79,
791:1,7,113,
792:1,2,3,4,11,
793:1,13,61,
794:1,2,397,
795:1,3,5,53,
796:1,2,4,199,
797:1,797,
798:1,2,3,7,19,
799:1,17,47,
800:1,2,4,5,
801:1,3,89,
802:1,2,401,
803:1,11,73,
804:1,2,3,4,67,
805:1,5,7,23,
806:1,2,13,31,
807:1,3,269,
808:1,2,4,101,
809:1,809,
810:1,2,3,5,
811:1,811,
812:1,2,4,7,29,
813:1,3,271,
814:1,2,11,37,
815:1,5,163,
816:1,2,3,4,17,
817:1,19,43,
818:1,2,409,
819:1,3,7,13,
820:1,2,4,5,41,
821:1,821,
822:1,2,3,137,
823:1,823,
824:1,2,4,103,
825:1,3,5,11,
826:1,2,7,59,
827:1,827,
828:1,2,3,4,23,
829:1,829,
830:1,2,5,83,
831:1,3,277,
832:1,2,4,13,
833:1,7,17,
834:1,2,3,139,
835:1,5,167,
836:1,2,4,11,19,
837:1,3,31,
838:1,2,419,
839:1,839,
840:1,2,3,4,5,7,
841:1,29,
842:1,2,421,
843:1,3,281,
844:1,2,4,211,
845:1,5,13,
846:1,2,3,47,
847:1,7,11,
848:1,2,4,53,
849:1,3,283,
850:1,2,5,17,
851:1,23,37,
852:1,2,3,4,71,
853:1,853,
854:1,2,7,61,
855:1,3,5,19,
856:1,2,4,107,
857:1,857,
858:1,2,3,11,13,
859:1,859,
860:1,2,4,5,43,
861:1,3,7,41,
862:1,2,431,
863:1,863,
864:1,2,3,4,
865:1,5,173,
866:1,2,433,
867:1,3,17,
868:1,2,4,7,31,
869:1,11,79,
870:1,2,3,5,29,
871:1,13,67,
872:1,2,4,109,
873:1,3,97,
874:1,2,19,23,
875:1,5,7,
876:1,2,3,4,73,
877:1,877,
878:1,2,439,
879:1,3,293,
880:1,2,4,5,11,
881:1,881,
882:1,2,3,7,
883:1,883,
884:1,2,4,13,17,
885:1,3,5,59,
886:1,2,443,
887:1,887,
888:1,2,3,4,37,
889:1,7,127,
890:1,2,5,89,
891:1,3,11,
892:1,2,4,223,
893:1,19,47,
894:1,2,3,149,
895:1,5,179,
896:1,2,4,7,
897:1,3,13,23,
898:1,2,449,
899:1,29,31,
900:1,2,3,4,5,
901:1,17,53,
902:1,2,11,41,
903:1,3,7,43,
904:1,2,4,113,
905:1,5,181,
906:1,2,3,151,
907:1,907,
908:1,2,4,227,
909:1,3,101,
910:1,2,5,7,13,
911:1,911,
912:1,2,3,4,19,
913:1,11,83,
914:1,2,457,
915:1,3,5,61,
916:1,2,4,229,
917:1,7,131,
918:1,2,3,17,
919:1,919,
920:1,2,4,5,23,
921:1,3,307,
922:1,2,461,
923:1,13,71,
924:1,2,3,4,7,11,
925:1,5,37,
926:1,2,463,
927:1,3,103,
928:1,2,4,29,
929:1,929,
930:1,2,3,5,31,
931:1,7,19,
932:1,2,4,233,
933:1,3,311,
934:1,2,467,
935:1,5,11,17,
936:1,2,3,4,13,
937:1,937,
938:1,2,7,67,
939:1,3,313,
940:1,2,4,5,47,
941:1,941,
942:1,2,3,157,
943:1,23,41,
944:1,2,4,59,
945:1,3,5,7,
946:1,2,11,43,
947:1,947,
948:1,2,3,4,79,
949:1,13,73,
950:1,2,5,19,
951:1,3,317,
952:1,2,4,7,17,
953:1,953,
954:1,2,3,53,
955:1,5,191,
956:1,2,4,239,
957:1,3,11,29,
958:1,2,479,
959:1,7,137,
960:1,2,3,4,5,
961:1,31,
962:1,2,13,37,
963:1,3,107,
964:1,2,4,241,
965:1,5,193,
966:1,2,3,7,23,
967:1,967,
968:1,2,4,11,
969:1,3,17,19,
970:1,2,5,97,
971:1,971,
972:1,2,3,4,
973:1,7,139,
974:1,2,487,
975:1,3,5,13,
976:1,2,4,61,
977:1,977,
978:1,2,3,163,
979:1,11,89,
980:1,2,4,5,7,
981:1,3,109,
982:1,2,491,
983:1,983,
984:1,2,3,4,41,
985:1,5,197,
986:1,2,17,29,
987:1,3,7,47,
988:1,2,4,13,19,
989:1,23,43,
990:1,2,3,5,11,
991:1,991,
992:1,2,4,31,
993:1,3,331,
994:1,2,7,71,
995:1,5,199,
996:1,2,3,4,83,
997:1,997,
998:1,2,499,
999:1,3,37,
